{
    "ori_000": {
        "index": 0,
        "roll": -180.0,
        "pitch": -90.0,
        "rotation_matrix": [
            [
                0.0,
                0.0,
                -1.0
            ],
            [
                0.0,
                -1.0,
                0.0
            ],
            [
                -1.0,
                0.0,
                0.0
            ]
        ],
        "shape": [
            3,
            3
        ]
    },
    "ori_001": {
        "index": 1,
        "roll": -165.6,
        "pitch": -90.0,
        "rotation_matrix": [
            [
                0.0,
                0.0,
                -1.0
            ],
            [
                0.24868988716485482,
                -0.9685831611286311,
                0.0
            ],
            [
                -0.9685831611286311,
                -0.24868988716485482,
                0.0
            ]
        ],
        "shape": [
            3,
            3
        ]
    },
    "ori_002": {
        "index": 2,
        "roll": -151.2,
        "pitch": -90.0,
        "rotation_matrix": [
            [
                0.0,
                0.0,
                -1.0
            ],
            [
                0.4817536741017156,
                -0.8763066800438634,
                0.0
            ],
            [
                -0.8763066800438634,
                -0.4817536741017156,
                0.0
            ]
        ],
        "shape": [
            3,
            3
        ]
    },
    "ori_003": {
        "index": 3,
        "roll": -136.8,
        "pitch": -90.0,
        "rotation_matrix": [
            [
                0.0,
                0.0,
                -1.0
            ],
            [
                0.6845471059286885,
                -0.7289686274214117,
                0.0
            ],
            [
                -0.7289686274214117,
                -0.6845471059286885,
                0.0
            ]
        ],
        "shape": [
            3,
            3
        ]
    },
    "ori_004": {
        "index": 4,
        "roll": -122.4,
        "pitch": -90.0,
        "rotation_matrix": [
            [
                0.0,
                0.0,
                -1.0
            ],
            [
                0.844327925502015,
                -0.5358267949789969,
                0.0
            ],
            [
                -0.5358267949789969,
                -0.844327925502015,
                0.0
            ]
        ],
        "shape": [
            3,
            3
        ]
    },
    "ori_005": {
        "index": 5,
        "roll": -108.0,
        "pitch": -90.0,
        "rotation_matrix": [
            [
                0.0,
                0.0,
                -1.0
            ],
            [
                0.9510565162951536,
                -0.30901699437494734,
                0.0
            ],
            [
                -0.30901699437494734,
                -0.9510565162951536,
                0.0
            ]
        ],
        "shape": [
            3,
            3
        ]
    },
    "ori_006": {
        "index": 6,
        "roll": -93.6,
        "pitch": -90.0,
        "rotation_matrix": [
            [
                0.0,
                0.0,
                -1.0
            ],
            [
                0.9980267284282716,
                -0.06279051952931318,
                0.0
            ],
            [
                -0.06279051952931318,
                -0.9980267284282716,
                0.0
            ]
        ],
        "shape": [
            3,
            3
        ]
    },
    "ori_007": {
        "index": 7,
        "roll": -79.2,
        "pitch": -90.0,
        "rotation_matrix": [
            [
                0.0,
                0.0,
                -1.0
            ],
            [
                0.9822872507286887,
                0.18738131458572452,
                0.0
            ],
            [
                0.18738131458572452,
                -0.9822872507286887,
                0.0
            ]
        ],
        "shape": [
            3,
            3
        ]
    },
    "ori_008": {
        "index": 8,
        "roll": -64.8,
        "pitch": -90.0,
        "rotation_matrix": [
            [
                0.0,
                0.0,
                -1.0
            ],
            [
                0.9048270524660196,
                0.42577929156507266,
                0.0
            ],
            [
                0.42577929156507266,
                -0.9048270524660196,
                0.0
            ]
        ],
        "shape": [
            3,
            3
        ]
    },
    "ori_009": {
        "index": 9,
        "roll": -50.4,
        "pitch": -90.0,
        "rotation_matrix": [
            [
                0.0,
                0.0,
                -1.0
            ],
            [
                0.7705132427757893,
                0.6374239897486897,
                0.0
            ],
            [
                0.6374239897486897,
                -0.7705132427757893,
                0.0
            ]
        ],
        "shape": [
            3,
            3
        ]
    },
    "ori_010": {
        "index": 10,
        "roll": -36.0,
        "pitch": -90.0,
        "rotation_matrix": [
            [
                0.0,
                0.0,
                -1.0
            ],
            [
                0.5877852522924731,
                0.8090169943749475,
                0.0
            ],
            [
                0.8090169943749475,
                -0.5877852522924731,
                0.0
            ]
        ],
        "shape": [
            3,
            3
        ]
    },
    "ori_011": {
        "index": 11,
        "roll": -21.6,
        "pitch": -90.0,
        "rotation_matrix": [
            [
                0.0,
                0.0,
                -1.0
            ],
            [
                0.368124552684678,
                0.9297764858882513,
                0.0
            ],
            [
                0.9297764858882513,
                -0.368124552684678,
                0.0
            ]
        ],
        "shape": [
            3,
            3
        ]
    },
    "ori_012": {
        "index": 12,
        "roll": -7.2,
        "pitch": -90.0,
        "rotation_matrix": [
            [
                0.0,
                0.0,
                -1.0
            ],
            [
                0.12533323356430426,
                0.9921147013144779,
                0.0
            ],
            [
                0.9921147013144779,
                -0.12533323356430426,
                0.0
            ]
        ],
        "shape": [
            3,
            3
        ]
    },
    "ori_013": {
        "index": 13,
        "roll": 7.2,
        "pitch": -90.0,
        "rotation_matrix": [
            [
                0.0,
                0.0,
                -1.0
            ],
            [
                -0.12533323356430426,
                0.9921147013144779,
                0.0
            ],
            [
                0.9921147013144779,
                0.12533323356430426,
                0.0
            ]
        ],
        "shape": [
            3,
            3
        ]
    },
    "ori_014": {
        "index": 14,
        "roll": 21.6,
        "pitch": -90.0,
        "rotation_matrix": [
            [
                0.0,
                0.0,
                -1.0
            ],
            [
                -0.368124552684678,
                0.9297764858882513,
                0.0
            ],
            [
                0.9297764858882513,
                0.368124552684678,
                0.0
            ]
        ],
        "shape": [
            3,
            3
        ]
    },
    "ori_015": {
        "index": 15,
        "roll": 36.0,
        "pitch": -90.0,
        "rotation_matrix": [
            [
                0.0,
                0.0,
                -1.0
            ],
            [
                -0.5877852522924731,
                0.8090169943749475,
                0.0
            ],
            [
                0.8090169943749475,
                0.5877852522924731,
                0.0
            ]
        ],
        "shape": [
            3,
            3
        ]
    },
    "ori_016": {
        "index": 16,
        "roll": 50.4,
        "pitch": -90.0,
        "rotation_matrix": [
            [
                0.0,
                0.0,
                -1.0
            ],
            [
                -0.7705132427757893,
                0.6374239897486897,
                0.0
            ],
            [
                0.6374239897486897,
                0.7705132427757893,
                0.0
            ]
        ],
        "shape": [
            3,
            3
        ]
    },
    "ori_017": {
        "index": 17,
        "roll": 64.8,
        "pitch": -90.0,
        "rotation_matrix": [
            [
                0.0,
                0.0,
                -1.0
            ],
            [
                -0.9048270524660196,
                0.42577929156507266,
                0.0
            ],
            [
                0.42577929156507266,
                0.9048270524660196,
                0.0
            ]
        ],
        "shape": [
            3,
            3
        ]
    },
    "ori_018": {
        "index": 18,
        "roll": 79.2,
        "pitch": -90.0,
        "rotation_matrix": [
            [
                0.0,
                0.0,
                -1.0
            ],
            [
                -0.9822872507286887,
                0.18738131458572452,
                0.0
            ],
            [
                0.18738131458572452,
                0.9822872507286887,
                0.0
            ]
        ],
        "shape": [
            3,
            3
        ]
    },
    "ori_019": {
        "index": 19,
        "roll": 93.6,
        "pitch": -90.0,
        "rotation_matrix": [
            [
                0.0,
                0.0,
                -1.0
            ],
            [
                -0.9980267284282716,
                -0.06279051952931318,
                0.0
            ],
            [
                -0.06279051952931318,
                0.9980267284282716,
                0.0
            ]
        ],
        "shape": [
            3,
            3
        ]
    },
    "ori_020": {
        "index": 20,
        "roll": 108.0,
        "pitch": -90.0,
        "rotation_matrix": [
            [
                0.0,
                0.0,
                -1.0
            ],
            [
                -0.9510565162951536,
                -0.30901699437494734,
                0.0
            ],
            [
                -0.30901699437494734,
                0.9510565162951536,
                0.0
            ]
        ],
        "shape": [
            3,
            3
        ]
    },
    "ori_021": {
        "index": 21,
        "roll": 122.4,
        "pitch": -90.0,
        "rotation_matrix": [
            [
                0.0,
                0.0,
                -1.0
            ],
            [
                -0.844327925502015,
                -0.5358267949789969,
                0.0
            ],
            [
                -0.5358267949789969,
                0.844327925502015,
                0.0
            ]
        ],
        "shape": [
            3,
            3
        ]
    },
    "ori_022": {
        "index": 22,
        "roll": 136.8,
        "pitch": -90.0,
        "rotation_matrix": [
            [
                0.0,
                0.0,
                -1.0
            ],
            [
                -0.6845471059286885,
                -0.7289686274214117,
                0.0
            ],
            [
                -0.7289686274214117,
                0.6845471059286885,
                0.0
            ]
        ],
        "shape": [
            3,
            3
        ]
    },
    "ori_023": {
        "index": 23,
        "roll": 151.2,
        "pitch": -90.0,
        "rotation_matrix": [
            [
                0.0,
                0.0,
                -1.0
            ],
            [
                -0.4817536741017156,
                -0.8763066800438634,
                0.0
            ],
            [
                -0.8763066800438634,
                0.4817536741017156,
                0.0
            ]
        ],
        "shape": [
            3,
            3
        ]
    },
    "ori_024": {
        "index": 24,
        "roll": 165.6,
        "pitch": -90.0,
        "rotation_matrix": [
            [
                0.0,
                0.0,
                -1.0
            ],
            [
                -0.24868988716485482,
                -0.9685831611286311,
                0.0
            ],
            [
                -0.9685831611286311,
                0.24868988716485482,
                0.0
            ]
        ],
        "shape": [
            3,
            3
        ]
    },
    "ori_025": {
        "index": 25,
        "roll": 180.0,
        "pitch": -90.0,
        "rotation_matrix": [
            [
                0.0,
                0.0,
                -1.0
            ],
            [
                0.0,
                -1.0,
                0.0
            ],
            [
                -1.0,
                0.0,
                0.0
            ]
        ],
        "shape": [
            3,
            3
        ]
    },
    "ori_026": {
        "index": 26,
        "roll": -180.0,
        "pitch": -75.0,
        "rotation_matrix": [
            [
                0.25881904510252074,
                0.0,
                -0.9659258262890683
            ],
            [
                0.0,
                -1.0,
                0.0
            ],
            [
                -0.9659258262890683,
                0.0,
                -0.25881904510252074
            ]
        ],
        "shape": [
            3,
            3
        ]
    },
    "ori_027": {
        "index": 27,
        "roll": -165.6,
        "pitch": -75.0,
        "rotation_matrix": [
            [
                0.25881904510252074,
                0.0,
                -0.9659258262890683
            ],
            [
                0.24021598474944755,
                -0.9685831611286311,
                0.06436567912266135
            ],
            [
                -0.9355794902428508,
                -0.24868988716485482,
                -0.2506877688656933
            ]
        ],
        "shape": [
            3,
            3
        ]
    },
    "ori_028": {
        "index": 28,
        "roll": -151.2,
        "pitch": -75.0,
        "rotation_matrix": [
            [
                0.25881904510252074,
                0.0,
                -0.9659258262890683
            ],
            [
                0.4653383157244942,
                -0.8763066800438634,
                0.124687025905637
            ],
            [
                -0.8464472540039989,
                -0.4817536741017156,
                -0.2268048581459129
            ]
        ],
        "shape": [
            3,
            3
        ]
    },
    "ori_029": {
        "index": 29,
        "roll": -136.8,
        "pitch": -75.0,
        "rotation_matrix": [
            [
                0.25881904510252074,
                0.0,
                -0.9659258262890683
            ],
            [
                0.6612217289279588,
                -0.7289686274214117,
                0.17717382828415726
            ],
            [
                -0.704129623780835,
                -0.6845471059286885,
                -0.188670964058905
            ]
        ],
        "shape": [
            3,
            3
        ]
    },
    "ori_030": {
        "index": 30,
        "roll": -122.4,
        "pitch": -75.0,
        "rotation_matrix": [
            [
                0.25881904510252074,
                0.0,
                -0.9659258262890683
            ],
            [
                0.8155581490994687,
                -0.5358267949789969,
                0.21852814743182378
            ],
            [
                -0.5175689396879107,
                -0.844327925502015,
                -0.13868217941680813
            ]
        ],
        "shape": [
            3,
            3
        ]
    },
    "ori_031": {
        "index": 31,
        "roll": -108.0,
        "pitch": -75.0,
        "rotation_matrix": [
            [
                0.25881904510252074,
                0.0,
                -0.9659258262890683
            ],
            [
                0.918650051349999,
                -0.30901699437494734,
                0.24615153938604162
            ],
            [
                -0.2984874956289854,
                -0.9510565162951536,
                -0.07997948340457489
            ]
        ],
        "shape": [
            3,
            3
        ]
    },
    "ori_032": {
        "index": 32,
        "roll": -93.6,
        "pitch": -75.0,
        "rotation_matrix": [
            [
                0.25881904510252074,
                0.0,
                -0.9659258262890683
            ],
            [
                0.9640197923156538,
                -0.06279051952931318,
                0.25830832483859806
            ],
            [
                -0.060650984459471716,
                -0.9980267284282716,
                -0.016251382306068016
            ]
        ],
        "shape": [
            3,
            3
        ]
    },
    "ori_033": {
        "index": 33,
        "roll": -79.2,
        "pitch": -75.0,
        "rotation_matrix": [
            [
                0.25881904510252074,
                0.0,
                -0.9659258262890683
            ],
            [
                0.9488166243133259,
                0.18738131458572452,
                0.2542346482499796
            ],
            [
                0.1809964511223478,
                -0.9822872507286887,
                0.04849785291113226
            ]
        ],
        "shape": [
            3,
            3
        ]
    },
    "ori_034": {
        "index": 34,
        "roll": -64.8,
        "pitch": -75.0,
        "rotation_matrix": [
            [
                0.25881904510252074,
                0.0,
                -0.9659258262890683
            ],
            [
                0.8739958183019422,
                0.42577929156507266,
                0.23418647370218362
            ],
            [
                0.4112712140217669,
                -0.9048270524660196,
                0.11019978966729987
            ]
        ],
        "shape": [
            3,
            3
        ]
    },
    "ori_035": {
        "index": 35,
        "roll": -50.4,
        "pitch": -75.0,
        "rotation_matrix": [
            [
                0.25881904510252074,
                0.0,
                -0.9659258262890683
            ],
            [
                0.7442586406948737,
                0.6374239897486897,
                0.19942350173407652
            ],
            [
                0.6157042939944778,
                -0.7705132427757893,
                0.16497746835219484
            ]
        ],
        "shape": [
            3,
            3
        ]
    },
    "ori_036": {
        "index": 36,
        "roll": -36.0,
        "pitch": -75.0,
        "rotation_matrix": [
            [
                0.25881904510252074,
                0.0,
                -0.9659258262890683
            ],
            [
                0.5677569555011356,
                0.8090169943749475,
                0.15213001772368215
            ],
            [
                0.7814504087735197,
                -0.5877852522924731,
                0.2093890059558353
            ]
        ],
        "shape": [
            3,
            3
        ]
    },
    "ori_037": {
        "index": 37,
        "roll": -21.6,
        "pitch": -75.0,
        "rotation_matrix": [
            [
                0.25881904510252074,
                0.0,
                -0.9659258262890683
            ],
            [
                0.35558101272924125,
                0.9297764858882513,
                0.09527764520464094
            ],
            [
                0.8980951203957555,
                -0.368124552684678,
                0.24064386223637457
            ]
        ],
        "shape": [
            3,
            3
        ]
    },
    "ori_038": {
        "index": 38,
        "roll": -7.2,
        "pitch": -75.0,
        "rotation_matrix": [
            [
                0.25881904510252074,
                0.0,
                -0.9659258262890683
            ],
            [
                0.12106260719208138,
                0.9921147013144779,
                0.03243862783072443
            ],
            [
                0.9583092126407192,
                -0.12533323356430426,
                0.2567781796263857
            ]
        ],
        "shape": [
            3,
            3
        ]
    },
    "ori_039": {
        "index": 39,
        "roll": 7.2,
        "pitch": -75.0,
        "rotation_matrix": [
            [
                0.25881904510252074,
                0.0,
                -0.9659258262890683
            ],
            [
                -0.12106260719208138,
                0.9921147013144779,
                -0.03243862783072443
            ],
            [
                0.9583092126407192,
                0.12533323356430426,
                0.2567781796263857
            ]
        ],
        "shape": [
            3,
            3
        ]
    },
    "ori_040": {
        "index": 40,
        "roll": 21.6,
        "pitch": -75.0,
        "rotation_matrix": [
            [
                0.25881904510252074,
                0.0,
                -0.9659258262890683
            ],
            [
                -0.35558101272924125,
                0.9297764858882513,
                -0.09527764520464094
            ],
            [
                0.8980951203957555,
                0.368124552684678,
                0.24064386223637457
            ]
        ],
        "shape": [
            3,
            3
        ]
    },
    "ori_041": {
        "index": 41,
        "roll": 36.0,
        "pitch": -75.0,
        "rotation_matrix": [
            [
                0.25881904510252074,
                0.0,
                -0.9659258262890683
            ],
            [
                -0.5677569555011356,
                0.8090169943749475,
                -0.15213001772368215
            ],
            [
                0.7814504087735197,
                0.5877852522924731,
                0.2093890059558353
            ]
        ],
        "shape": [
            3,
            3
        ]
    },
    "ori_042": {
        "index": 42,
        "roll": 50.4,
        "pitch": -75.0,
        "rotation_matrix": [
            [
                0.25881904510252074,
                0.0,
                -0.9659258262890683
            ],
            [
                -0.7442586406948737,
                0.6374239897486897,
                -0.19942350173407652
            ],
            [
                0.6157042939944778,
                0.7705132427757893,
                0.16497746835219484
            ]
        ],
        "shape": [
            3,
            3
        ]
    },
    "ori_043": {
        "index": 43,
        "roll": 64.8,
        "pitch": -75.0,
        "rotation_matrix": [
            [
                0.25881904510252074,
                0.0,
                -0.9659258262890683
            ],
            [
                -0.8739958183019422,
                0.42577929156507266,
                -0.23418647370218362
            ],
            [
                0.4112712140217669,
                0.9048270524660196,
                0.11019978966729987
            ]
        ],
        "shape": [
            3,
            3
        ]
    },
    "ori_044": {
        "index": 44,
        "roll": 79.2,
        "pitch": -75.0,
        "rotation_matrix": [
            [
                0.25881904510252074,
                0.0,
                -0.9659258262890683
            ],
            [
                -0.9488166243133259,
                0.18738131458572452,
                -0.2542346482499796
            ],
            [
                0.1809964511223478,
                0.9822872507286887,
                0.04849785291113226
            ]
        ],
        "shape": [
            3,
            3
        ]
    },
    "ori_045": {
        "index": 45,
        "roll": 93.6,
        "pitch": -75.0,
        "rotation_matrix": [
            [
                0.25881904510252074,
                0.0,
                -0.9659258262890683
            ],
            [
                -0.9640197923156538,
                -0.06279051952931318,
                -0.25830832483859806
            ],
            [
                -0.060650984459471716,
                0.9980267284282716,
                -0.016251382306068016
            ]
        ],
        "shape": [
            3,
            3
        ]
    },
    "ori_046": {
        "index": 46,
        "roll": 108.0,
        "pitch": -75.0,
        "rotation_matrix": [
            [
                0.25881904510252074,
                0.0,
                -0.9659258262890683
            ],
            [
                -0.918650051349999,
                -0.30901699437494734,
                -0.24615153938604162
            ],
            [
                -0.2984874956289854,
                0.9510565162951536,
                -0.07997948340457489
            ]
        ],
        "shape": [
            3,
            3
        ]
    },
    "ori_047": {
        "index": 47,
        "roll": 122.4,
        "pitch": -75.0,
        "rotation_matrix": [
            [
                0.25881904510252074,
                0.0,
                -0.9659258262890683
            ],
            [
                -0.8155581490994687,
                -0.5358267949789969,
                -0.21852814743182378
            ],
            [
                -0.5175689396879107,
                0.844327925502015,
                -0.13868217941680813
            ]
        ],
        "shape": [
            3,
            3
        ]
    },
    "ori_048": {
        "index": 48,
        "roll": 136.8,
        "pitch": -75.0,
        "rotation_matrix": [
            [
                0.25881904510252074,
                0.0,
                -0.9659258262890683
            ],
            [
                -0.6612217289279588,
                -0.7289686274214117,
                -0.17717382828415726
            ],
            [
                -0.704129623780835,
                0.6845471059286885,
                -0.188670964058905
            ]
        ],
        "shape": [
            3,
            3
        ]
    },
    "ori_049": {
        "index": 49,
        "roll": 151.2,
        "pitch": -75.0,
        "rotation_matrix": [
            [
                0.25881904510252074,
                0.0,
                -0.9659258262890683
            ],
            [
                -0.4653383157244942,
                -0.8763066800438634,
                -0.124687025905637
            ],
            [
                -0.8464472540039989,
                0.4817536741017156,
                -0.2268048581459129
            ]
        ],
        "shape": [
            3,
            3
        ]
    },
    "ori_050": {
        "index": 50,
        "roll": 165.6,
        "pitch": -75.0,
        "rotation_matrix": [
            [
                0.25881904510252074,
                0.0,
                -0.9659258262890683
            ],
            [
                -0.24021598474944755,
                -0.9685831611286311,
                -0.06436567912266135
            ],
            [
                -0.9355794902428508,
                0.24868988716485482,
                -0.2506877688656933
            ]
        ],
        "shape": [
            3,
            3
        ]
    },
    "ori_051": {
        "index": 51,
        "roll": 180.0,
        "pitch": -75.0,
        "rotation_matrix": [
            [
                0.25881904510252074,
                0.0,
                -0.9659258262890683
            ],
            [
                0.0,
                -1.0,
                0.0
            ],
            [
                -0.9659258262890683,
                0.0,
                -0.25881904510252074
            ]
        ],
        "shape": [
            3,
            3
        ]
    },
    "ori_052": {
        "index": 52,
        "roll": -180.0,
        "pitch": -60.0,
        "rotation_matrix": [
            [
                0.5000000000000001,
                0.0,
                -0.8660254037844386
            ],
            [
                0.0,
                -1.0,
                0.0
            ],
            [
                -0.8660254037844386,
                0.0,
                -0.5000000000000001
            ]
        ],
        "shape": [
            3,
            3
        ]
    },
    "ori_053": {
        "index": 53,
        "roll": -165.6,
        "pitch": -60.0,
        "rotation_matrix": [
            [
                0.5000000000000001,
                0.0,
                -0.8660254037844386
            ],
            [
                0.21537175994904986,
                -0.9685831611286311,
                0.12434494358242744
            ],
            [
                -0.8388176232152307,
                -0.24868988716485482,
                -0.48429158056431565
            ]
        ],
        "shape": [
            3,
            3
        ]
    },
    "ori_054": {
        "index": 54,
        "roll": -151.2,
        "pitch": -60.0,
        "rotation_matrix": [
            [
                0.5000000000000001,
                0.0,
                -0.8660254037844386
            ],
            [
                0.4172109201385751,
                -0.8763066800438634,
                0.24087683705085786
            ],
            [
                -0.7589038464239876,
                -0.4817536741017156,
                -0.4381533400219318
            ]
        ],
        "shape": [
            3,
            3
        ]
    },
    "ori_055": {
        "index": 55,
        "roll": -136.8,
        "pitch": -60.0,
        "rotation_matrix": [
            [
                0.5000000000000001,
                0.0,
                -0.8660254037844386
            ],
            [
                0.5928351838213614,
                -0.7289686274214117,
                0.3422735529643443
            ],
            [
                -0.631305349908816,
                -0.6845471059286885,
                -0.3644843137107059
            ]
        ],
        "shape": [
            3,
            3
        ]
    },
    "ori_056": {
        "index": 56,
        "roll": -122.4,
        "pitch": -60.0,
        "rotation_matrix": [
            [
                0.5000000000000001,
                0.0,
                -0.8660254037844386
            ],
            [
                0.7312094326093599,
                -0.5358267949789969,
                0.4221639627510076
            ],
            [
                -0.46403961648020736,
                -0.844327925502015,
                -0.2679133974894985
            ]
        ],
        "shape": [
            3,
            3
        ]
    },
    "ori_057": {
        "index": 57,
        "roll": -108.0,
        "pitch": -60.0,
        "rotation_matrix": [
            [
                0.5000000000000001,
                0.0,
                -0.8660254037844386
            ],
            [
                0.823639103546332,
                -0.30901699437494734,
                0.47552825814757693
            ],
            [
                -0.26761656732981737,
                -0.9510565162951536,
                -0.1545084971874737
            ]
        ],
        "shape": [
            3,
            3
        ]
    },
    "ori_058": {
        "index": 58,
        "roll": -93.6,
        "pitch": -60.0,
        "rotation_matrix": [
            [
                0.5000000000000001,
                0.0,
                -0.8660254037844386
            ],
            [
                0.8643165004747562,
                -0.06279051952931318,
                0.4990133642141359
            ],
            [
                -0.054378185029208125,
                -0.9980267284282716,
                -0.0313952597646566
            ]
        ],
        "shape": [
            3,
            3
        ]
    },
    "ori_059": {
        "index": 59,
        "roll": -79.2,
        "pitch": -60.0,
        "rotation_matrix": [
            [
                0.5000000000000001,
                0.0,
                -0.8660254037844386
            ],
            [
                0.8506857129446187,
                0.18738131458572452,
                0.49114362536434447
            ],
            [
                0.162276978625761,
                -0.9822872507286887,
                0.09369065729286227
            ]
        ],
        "shape": [
            3,
            3
        ]
    },
    "ori_060": {
        "index": 60,
        "roll": -64.8,
        "pitch": -60.0,
        "rotation_matrix": [
            [
                0.5000000000000001,
                0.0,
                -0.8660254037844386
            ],
            [
                0.783603213466968,
                0.42577929156507266,
                0.4524135262330099
            ],
            [
                0.36873568290069425,
                -0.9048270524660196,
                0.21288964578253639
            ]
        ],
        "shape": [
            3,
            3
        ]
    },
    "ori_061": {
        "index": 61,
        "roll": -50.4,
        "pitch": -60.0,
        "rotation_matrix": [
            [
                0.5000000000000001,
                0.0,
                -0.8660254037844386
            ],
            [
                0.66728404219616,
                0.6374239897486897,
                0.38525662138789474
            ],
            [
                0.5520253681039969,
                -0.7705132427757893,
                0.31871199487434493
            ]
        ],
        "shape": [
            3,
            3
        ]
    },
    "ori_062": {
        "index": 62,
        "roll": -36.0,
        "pitch": -60.0,
        "rotation_matrix": [
            [
                0.5000000000000001,
                0.0,
                -0.8660254037844386
            ],
            [
                0.5090369604551271,
                0.8090169943749475,
                0.2938926261462366
            ],
            [
                0.7006292692220367,
                -0.5877852522924731,
                0.40450849718747384
            ]
        ],
        "shape": [
            3,
            3
        ]
    },
    "ori_063": {
        "index": 63,
        "roll": -21.6,
        "pitch": -60.0,
        "rotation_matrix": [
            [
                0.5000000000000001,
                0.0,
                -0.8660254037844386
            ],
            [
                0.3188052143817141,
                0.9297764858882513,
                0.18406227634233902
            ],
            [
                0.8052100566206493,
                -0.368124552684678,
                0.4648882429441258
            ]
        ],
        "shape": [
            3,
            3
        ]
    },
    "ori_064": {
        "index": 64,
        "roll": -7.2,
        "pitch": -60.0,
        "rotation_matrix": [
            [
                0.5000000000000001,
                0.0,
                -0.8660254037844386
            ],
            [
                0.10854176420513595,
                0.9921147013144779,
                0.06266661678215214
            ],
            [
                0.8591965348063484,
                -0.12533323356430426,
                0.49605735065723905
            ]
        ],
        "shape": [
            3,
            3
        ]
    },
    "ori_065": {
        "index": 65,
        "roll": 7.2,
        "pitch": -60.0,
        "rotation_matrix": [
            [
                0.5000000000000001,
                0.0,
                -0.8660254037844386
            ],
            [
                -0.10854176420513595,
                0.9921147013144779,
                -0.06266661678215214
            ],
            [
                0.8591965348063484,
                0.12533323356430426,
                0.49605735065723905
            ]
        ],
        "shape": [
            3,
            3
        ]
    },
    "ori_066": {
        "index": 66,
        "roll": 21.6,
        "pitch": -60.0,
        "rotation_matrix": [
            [
                0.5000000000000001,
                0.0,
                -0.8660254037844386
            ],
            [
                -0.3188052143817141,
                0.9297764858882513,
                -0.18406227634233902
            ],
            [
                0.8052100566206493,
                0.368124552684678,
                0.4648882429441258
            ]
        ],
        "shape": [
            3,
            3
        ]
    },
    "ori_067": {
        "index": 67,
        "roll": 36.0,
        "pitch": -60.0,
        "rotation_matrix": [
            [
                0.5000000000000001,
                0.0,
                -0.8660254037844386
            ],
            [
                -0.5090369604551271,
                0.8090169943749475,
                -0.2938926261462366
            ],
            [
                0.7006292692220367,
                0.5877852522924731,
                0.40450849718747384
            ]
        ],
        "shape": [
            3,
            3
        ]
    },
    "ori_068": {
        "index": 68,
        "roll": 50.4,
        "pitch": -60.0,
        "rotation_matrix": [
            [
                0.5000000000000001,
                0.0,
                -0.8660254037844386
            ],
            [
                -0.66728404219616,
                0.6374239897486897,
                -0.38525662138789474
            ],
            [
                0.5520253681039969,
                0.7705132427757893,
                0.31871199487434493
            ]
        ],
        "shape": [
            3,
            3
        ]
    },
    "ori_069": {
        "index": 69,
        "roll": 64.8,
        "pitch": -60.0,
        "rotation_matrix": [
            [
                0.5000000000000001,
                0.0,
                -0.8660254037844386
            ],
            [
                -0.783603213466968,
                0.42577929156507266,
                -0.4524135262330099
            ],
            [
                0.36873568290069425,
                0.9048270524660196,
                0.21288964578253639
            ]
        ],
        "shape": [
            3,
            3
        ]
    },
    "ori_070": {
        "index": 70,
        "roll": 79.2,
        "pitch": -60.0,
        "rotation_matrix": [
            [
                0.5000000000000001,
                0.0,
                -0.8660254037844386
            ],
            [
                -0.8506857129446187,
                0.18738131458572452,
                -0.49114362536434447
            ],
            [
                0.162276978625761,
                0.9822872507286887,
                0.09369065729286227
            ]
        ],
        "shape": [
            3,
            3
        ]
    },
    "ori_071": {
        "index": 71,
        "roll": 93.6,
        "pitch": -60.0,
        "rotation_matrix": [
            [
                0.5000000000000001,
                0.0,
