{
  "ori_000": {
    "index": 0,
    "rotation_matrix": [
      [
        1.0,
        0.0,
        0.0
      ],
      [
        0.0,
        0.0,
        1.0
      ],
      [
        0.0,
        -1.0,
        0.0
      ]
    ],
    "shape": [
      3,
      3
    ]
  },
  "ori_001": {
    "index": 1,
    "rotation_matrix": [
      [
        0.9808418071393167,
        0.12729121683401298,
        -0.14746625201921926
      ],
      [
        0.12729121683401298,
        0.15424935948234564,
        0.9797979797979798
      ],
      [
        0.14746625201921926,
        -0.9797979797979798,
        0.13509116662166232
      ]
    ],
    "shape": [
      3,
      3
    ]
  },
  "ori_002": {
    "index": 2,
    "rotation_matrix": [
      [
        0.999159145533166,
        -0.032800037420149475,
        0.024599988672162225
      ],
      [
        -0.032800037420149475,
        -0.279463328314014,
        0.9595959595959596
      ],
      [
        -0.024599988672162225,
        -0.9595959595959596,
        -0.2803041827808479
      ]
    ],
    "shape": [
      3,
      3
    ]
  },
  "ori_003": {
    "index": 3,
    "rotation_matrix": [
      [
        0.9657939990064062,
        -0.15404303561595065,
        0.20859696704755037
      ],
      [
        -0.15404303561595065,
        0.30628380598418614,
        0.9393939393939394
      ],
      [
        -0.20859696704755037,
        -0.9393939393939394,
        0.2720778049905923
      ]
    ],
    "shape": [
      3,
      3
    ]
  },
  "ori_004": {
    "index": 4,
    "rotation_matrix": [
      [
        0.8385439939947446,
        0.38270480752946967,
        -0.38778989211836534
      ],
      [
        0.38270480752946967,
        0.09286143433152327,
        0.9191919191919192
      ],
      [
        0.38778989211836534,
        -0.9191919191919192,
        -0.06859457167373217
      ]
    ],
    "shape": [
      3,
      3
    ]
  },
  "ori_005": {
    "index": 5,
    "rotation_matrix": [
      [
        0.8214750008633299,
        -0.43430378118883,
        0.36953896763626565
      ],
      [
        -0.43430378118883,
        -0.05654544331081035,
        0.8989898989898991
      ],
      [
        -0.36953896763626565,
        -0.8989898989898991,
        -0.23507044244748054
      ]
    ],
    "shape": [
      3,
      3
    ]
  },
  "ori_006": {
    "index": 6,
    "rotation_matrix": [
      [
        0.9894938997688357,
        0.07452496956875626,
        -0.12388644490434449
      ],
      [
        0.07452496956875626,
        0.47135750021218137,
        0.8787878787878788
      ],
      [
        0.12388644490434449,
        -0.8787878787878788,
        0.4608513999810171
      ]
    ],
    "shape": [
      3,
      3
    ]
  },
  "ori_007": {
    "index": 7,
    "rotation_matrix": [
      [
        0.8975575092135964,
        0.3722312223274438,
        -0.2362931120005442
      ],
      [
        0.3722312223274438,
        -0.3525255176026285,
        0.8585858585858586
      ],
      [
        0.2362931120005442,
        -0.8585858585858586,
        -0.4549680083890322
      ]
    ],
    "shape": [
      3,
      3
    ]
  },
  "ori_008": {
    "index": 8,
    "rotation_matrix": [
      [
        0.7791463404968362,
        -0.3616369835551946,
        0.5120055392429737
      ],
      [
        -0.3616369835551946,
        0.40783726124752506,
        0.8383838383838383
      ],
      [
        -0.5120055392429737,
        -0.8383838383838383,
        0.18698360174436124
      ]
    ],
    "shape": [
      3,
      3
    ]
  },
  "ori_009": {
    "index": 9,
    "rotation_matrix": [
      [
        0.7683648605903844,
        0.3566010349814626,
        -0.5314613277182723
      ],
      [
        0.3566010349814626,
        0.45101464970313765,
        0.8181818181818182
      ],
      [
        0.5314613277182723,
        -0.8181818181818182,
        0.2193795102935222
      ]
    ],
    "shape": [
      3,
      3
    ]
  },
  "ori_010": {
    "index": 10,
    "rotation_matrix": [
      [
        0.8563130780324905,
        -0.44886035642153627,
        0.2554452834241677
      ],
      [
        -0.44886035642153627,
        -0.4021848113109845,
        0.797979797979798
      ],
      [
        -0.2554452834241677,
        -0.797979797979798,
        -0.5458717332784941
      ]
    ],
    "shape": [
      3,
      3
    ]
  },
  "ori_011": {
    "index": 11,
    "rotation_matrix": [
      [
        0.9778800084985002,
        -0.09145863253986278,
        0.18811168893216454
      ],
      [
        -0.09145863253986278,
        0.6218496980211536,
        0.7777777777777778
      ],
      [
        -0.18811168893216454,
        -0.7777777777777778,
        0.5997297065196538
      ]
    ],
    "shape": [
      3,
      3
    ]
  },
  "ori_012": {
    "index": 12,
    "rotation_matrix": [
      [
        0.5258584072401122,
        0.6360143802088598,
        -0.5647642372728926
      ],
      [
        0.6360143802088598,
        0.14684917330736658,
        0.7575757575757576
      ],
      [
        0.5647642372728926,
        -0.7575757575757576,
        -0.3272924194525213
      ]
    ],
    "shape": [
      3,
      3
    ]
  },
  "ori_013": {
    "index": 13,
    "rotation_matrix": [
      [
        0.4909196741679037,
        -0.568994228046572,
        0.6597298249772895
      ],
      [
        -0.568994228046572,
        0.3640405744984647,
        0.7373737373737375
      ],
      [
        -0.6597298249772895,
        -0.7373737373737375,
        -0.14503975133363167
      ]
    ],
    "shape": [
      3,
      3
    ]
  },
  "ori_014": {
    "index": 14,
    "rotation_matrix": [
      [
        0.8976850509736711,
        0.1830747179569628,
        -0.4008056847193861
      ],
      [
        0.1830747179569628,
        0.6724197913014971,
        0.7171717171717171
      ],
      [
        0.4008056847193861,
        -0.7171717171717171,
        0.5701048422751684
      ]
    ],
    "shape": [
      3,
      3
    ]
  },
  "ori_015": {
    "index": 15,
    "rotation_matrix": [
      [
        0.9705982617894158,
        0.2223655853964337,
        -0.09215509016145575
      ],
      [
        0.2223655853964337,
        -0.6817527322550825,
        0.696969696969697
      ],
      [
        0.09215509016145575,
        -0.696969696969697,
        -0.7111544704656667
      ]
    ],
    "shape": [
      3,
      3
    ]
  },
  "ori_016": {
    "index": 16,
    "rotation_matrix": [
      [
        0.7850760061075082,
        -0.2583857446384715,
        0.5629320310676116
      ],
      [
        -0.2583857446384715,
        0.6893637056373827,
        0.6767676767676768
      ],
      [
        -0.5629320310676116,
        -0.6767676767676768,
        0.47443971174489097
      ]
    ],
    "shape": [
      3,
      3
    ]
  },
  "ori_017": {
    "index": 17,
    "rotation_matrix": [
      [
        0.44921478672075377,
        0.47984974568917366,
        -0.7536247719876671
      ],
      [
        0.47984974568917366,
        0.5819499636399539,
        0.6565656565656567
      ],
      [
        0.7536247719876671,
        -0.6565656565656567,
        0.03116475036070765
      ]
    ],
    "shape": [
      3,
      3
    ]
  },
  "ori_018": {
    "index": 18,
    "rotation_matrix": [
      [
        0.3441833911785209,
        -0.763259945125416,
        0.5467833660637458
      ],
      [
        -0.763259945125416,
        0.11169412912591503,
        0.6363636363636364
      ],
      [
        -0.5467833660637458,
        -0.6363636363636364,
        -0.5441224796955642
      ]
    ],
    "shape": [
      3,
      3
    ]
  },
  "ori_019": {
    "index": 19,
    "rotation_matrix": [
      [
        0.9992592264717096,
        0.01254590349182277,
        -0.036381294874350066
      ],
      [
        0.01254590349182277,
        0.7875198175758367,
        0.6161616161616161
      ],
      [
        0.036381294874350066,
        -0.6161616161616161,
        0.7867790440475463
      ]
    ],
    "shape": [
      3,
      3
    ]
  },
  "ori_020": {
    "index": 20,
    "rotation_matrix": [
      [
        0.3096806892585291,
        0.7996180187820305,
        -0.5144986829326802
      ],
      [
        0.7996180187820305,
        0.07377793723583792,
        0.595959595959596
      ],
      [
        0.5144986829326802,
        -0.595959595959596,
        -0.6165413735056329
      ]
    ],
    "shape": [
      3,
      3
    ]
  },
  "ori_021": {
    "index": 21,
    "rotation_matrix": [
      [
        0.40793493328418606,
        -0.4206813664707055,
        0.8103186275230051
      ],
      [
        -0.4206813664707055,
        0.7010922919716771,
        0.5757575757575758
      ],
      [
        -0.8103186275230051,
        -0.5757575757575758,
        0.10902722525586328
      ]
    ],
    "shape": [
      3,
      3
    ]
  },
  "ori_022": {
    "index": 22,
    "rotation_matrix": [
      [
        0.6841495798346007,
        0.2570923987444191,
        -0.6825268133340844
      ],
      [
        0.2570923987444191,
        0.7907347995372397,
        0.5555555555555556
      ],
      [
        0.6825268133340844,
        -0.5555555555555556,
        0.47488437937184036
      ]
    ],
    "shape": [
      3,
      3
    ]
  },
  "ori_023": {
    "index": 23,
    "rotation_matrix": [
      [
        0.8047029224582997,
        -0.5639923891142843,
        0.18538012732823736
      ],
      [
        -0.5639923891142843,
        -0.6287361745642073,
        0.5353535353535355
      ],
      [
        -0.18538012732823736,
        -0.5353535353535355,
        -0.8240332521059075
      ]
    ],
    "shape": [
      3,
      3
    ]
  },
  "ori_024": {
    "index": 24,
    "rotation_matrix": [
      [
        0.8958571938387129,
        -0.12589798790137527,
        0.4261332947445106
      ],
      [
        -0.12589798790137527,
        0.847802225214987,
        0.5151515151515151
      ],
      [
        -0.4261332947445106,
        -0.5151515151515151,
        0.7436594190536999
      ]
    ],
    "shape": [
      3,
      3
    ]
  },
  "ori_025": {
    "index": 25,
    "rotation_matrix": [
      [
        0.06879404832679714,
        0.5567664925362121,
        -0.8278154695967782
      ],
      [
        0.5567664925362121,
        0.6671102384450144,
        0.494949494949495
      ],
      [
        0.8278154695967782,
        -0.494949494949495,
        -0.2640957132281885
      ]
    ],
    "shape": [
      3,
      3
    ]
  },
  "ori_026": {
    "index": 26,
    "rotation_matrix": [
      [
        -0.011874776613497007,
        -0.6012576177329395,
        0.7989669998181966
      ],
      [
        -0.6012576177329395,
        0.6427317576866778,
        0.47474747474747475
      ],
      [
        -0.7989669998181966,
        -0.47474747474747475,
        -0.3691430189268192
      ]
    ],
    "shape": [
      3,
      3
    ]
  },
  "ori_027": {
    "index": 27,
    "rotation_matrix": [
      [
        0.935087470295364,
        0.0858038743839512,
        -0.34387369489002784
      ],
      [
        0.0858038743839512,
        0.8865811439979813,
        0.4545454545454546
      ],
      [
        0.34387369489002784,
        -0.4545454545454546,
        0.8216686142933453
      ]
    ],
    "shape": [
      3,
      3
    ]
  },
  "ori_028": {
    "index": 28,
    "rotation_matrix": [
      [
        0.3902062556050091,
        0.8687919561675721,
        -0.30485999243134887
      ],
      [
        0.8687919561675721,
        -0.23779469704195377,
        0.4343434343434344
      ],
      [
        0.30485999243134887,
        -0.4343434343434344,
        -0.8475884414369448
      ]
    ],
    "shape": [
      3,
      3
    ]
  },
  "ori_029": {
    "index": 29,
    "rotation_matrix": [
      [
        0.543949263962239,
        -0.23441358675847657,
        0.8057105364694971
      ],
      [
        -0.23441358675847657,
        0.8795096130435278,
        0.41414141414141414
      ],
      [
        -0.8057105364694971,
        -0.41414141414141414,
        0.4234588770057667
      ]
    ],
    "shape": [
      3,
      3
    ]
  },
  "ori_030": {
    "index": 30,
    "rotation_matrix": [
      [
        0.3600107726959212,
        0.28366718544000186,
        -0.8887773463851525
      ],
      [
        0.28366718544000186,
        0.8742680834888179,
        0.3939393939393939
      ],
      [
        0.8887773463851525,
        -0.3939393939393939,
        0.2342788561847391
      ]
    ],
    "shape": [
      3,
      3
    ]
  },
  "ori_031": {
    "index": 31,
    "rotation_matrix": [
      [
        -0.14476346008422092,
        -0.8528746297728809,
        0.5016456981916779
      ],
      [
        -0.8528746297728809,
        0.36458914048784063,
        0.3737373737373737
      ],
      [
        -0.5016456981916779,
        -0.3737373737373737,
        -0.7801743195963804
      ]
    ],
    "shape": [
      3,
      3
    ]
  },
  "ori_032": {
    "index": 32,
    "rotation_matrix": [
      [
        0.9869386840342025,
        -0.029144746294654397,
        0.1584380564140349
      ],
      [
        -0.029144746294654397,
        0.9349670248538463,
        0.3535353535353535
      ],
      [
        -0.1584380564140349,
        -0.3535353535353535,
        0.9219057088880488
      ]
    ],
    "shape": [
      3,
      3
    ]
  },
  "ori_033": {
    "index": 33,
    "rotation_matrix": [
      [
        -0.31443381543920856,
        0.5877927018679081,
        -0.7454066778203466
      ],
      [
        0.5877927018679081,
        0.7371489866504011,
        0.33333333333333337
      ],
      [
        0.7454066778203466,
        -0.33333333333333337,
        -0.5772848287888075
      ]
    ],
    "shape": [
      3,
      3
    ]
  },
  "ori_034": {
    "index": 34,
    "rotation_matrix": [
      [
        0.027980993675251975,
        -0.3215849221697036,
        0.9464672217388468
      ],
      [
        -0.3215849221697036,
        0.8936061316764591,
        0.3131313131313132
      ],
      [
        -0.9464672217388468,
        -0.3131313131313132,
        -0.07841287464828883
      ]
    ],
    "shape": [
      3,
      3
    ]
  },
  "ori_035": {
    "index": 35,
    "rotation_matrix": [
      [
        0.752284207647968,
        0.1117576254516027,
        -0.6492909240678545
      ],
      [
        0.1117576254516027,
        0.9495802559538419,
        0.292929292929293
      ],
      [
        0.6492909240678545,
        -0.292929292929293,
        0.7018644636018099
      ]
    ],
    "shape": [
      3,
      3
    ]
  },
  "ori_036": {
    "index": 36,
    "rotation_matrix": [
      [
        0.9994191064462088,
        -0.03375532773820117,
        0.004693348436698647
      ],
      [
        -0.03375532773820117,
        -0.9614990444925213,
        0.27272727272727276
      ],
      [
        -0.004693348436698647,
        -0.27272727272727276,
        -0.9620799380463125
      ]
    ],
    "shape": [
      3,
      3
    ]
  },
  "ori_037": {
    "index": 37,
    "rotation_matrix": [
      [
        0.7537982519841553,
        -0.095633353459481,
        0.6501095730811276
      ],
      [
        -0.095633353459481,
        0.9628526671008143,
        0.2525252525252525
      ],
      [
        -0.6501095730811276,
        -0.2525252525252525,
        0.7166509190849695
      ]
    ],
    "shape": [
      3,
      3
    ]
  },
  "ori_038": {
    "index": 38,
    "rotation_matrix": [
      [
        -0.03046276540451287,
        0.24718986382728758,
        -0.9684880955101909
      ],
      [
        0.24718986382728758,
        0.940703506395045,
        0.23232323232323238
      ],
      [
        0.9684880955101909,
        -0.23232323232323238,
        -0.08975925900946802
      ]
    ],
    "shape": [
      3,
      3
    ]
  },
  "ori_039": {
    "index": 39,
    "rotation_matrix": [
      [
        -0.4808423445856951,
        -0.4035264485216056,
        0.7784324280224146
      ],
      [
        -0.4035264485216056,
        0.8900398848994171,
        0.21212121212121215
      ],
      [
        -0.7784324280224146,
        -0.21212121212121215,
        -0.590802459686278
      ]
    ],
    "shape": [
      3,
      3
    ]
  },
  "ori_040": {
    "index": 40,
    "rotation_matrix": [
      [
        0.9843021187480107,
        0.01715123688359073,
        -0.17565640922420142
      ],
      [
        0.01715123688359073,
        0.9812608515814983,
        0.19191919191919193
      ],
      [
        0.17565640922420142,
        -0.19191919191919193,
        0.965562970329509
      ]
    ],
    "shape": [
      3,
      3
    ]
  },
  "ori_041": {
    "index": 41,
    "rotation_matrix": [
      [
        -0.6563830532798809,
        0.5420858305916293,
        -0.5246944250120871
      ],
      [
        0.5420858305916293,
        0.8225911288174939,
        0.17171717171717174
      ],
      [
        0.5246944250120871,
        -0.17171717171717174,
        -0.833791924462387
      ]
    ],
    "shape": [
      3,
      3
    ]
  },
  "ori_042": {
    "index": 42,
    "rotation_matrix": [
      [
        0.27946224273332354,
        -0.1145201735541064,
        0.953302672153812
      ],
      [
        -0.1145201735541064,
        0.9817984969995004,
        0.15151515151515152
      ],
      [
        -0.953302672153812,
        -0.15151515151515152,
        0.26126073973282393
      ]
    ],
    "shape": [
      3,
      3
    ]
  },
  "ori_043": {
    "index": 43,
    "rotation_matrix": [
      [
        0.4644892150433976,
        0.07972902132626646,
        -0.8819824557590271
      ],
      [
        0.07972902132626646,
        0.9881296193835585,
        0.13131313131313127
      ],
      [
        0.8819824557590271,
        -0.13131313131313127,
        0.45261883442695605
      ]
    ],
    "shape": [
      3,
      3
    ]
  },
  "ori_044": {
    "index": 44,
    "rotation_matrix": [
      [
        -0.7507272814700265,
        -0.5630834010996907,
        0.3454643719150054
      ],
      [
        -0.5630834010996907,
        0.818896455233297,
        0.11111111111111116
      ],
      [
        -0.3454643719150054,
        -0.11111111111111116,
        -0.9318308262367294
      ]
    ],
    "shape": [
      3,
      3
    ]
  },
  "ori_045": {
    "index": 45,
    "rotation_matrix": [
      [
        0.926659821034719,
        -0.017756642784732126,
        0.3754813946348314
      ],
      [
        -0.017756642784732126,
        0.9957008781893777,
        0.09090909090909094
      ],
      [
        -0.3754813946348314,
        -0.09090909090909094,
        0.9223606992240967
      ]
    ],
    "shape": [
      3,
      3
    ]
  },
  "ori_046": {
    "index": 46,
    "rotation_matrix": [
      [
        -0.4184595248972083,
        0.1112666656800655,
        -0.9013941175375194
      ],
      [
        0.1112666656800655,
        0.9912720309079974,
        0.07070707070707072
      ],
      [
        0.9013941175375194,
        -0.07070707070707072,
        -0.42718749398921085
      ]
    ],
    "shape": [
      3,
      3
    ]
  },
  "ori_047": {
    "index": 47,
    "rotation_matrix": [
      [
        -0.2906353740873262,
        -0.06829847923130919,
        0.9543932088315645
      ],
      [
        -0.06829847923130919,
        0.9963857473931332,
        0.0505050505050505
      ],
      [
        -0.9543932088315645,
        -0.0505050505050505,
        -0.29424962669419297
      ]
    ],
    "shape": [
      3,
      3
    ]
  },
  "ori_048": {
    "index": 48,
    "rotation_matrix": [
      [
        0.862851766279902,
        0.008223363803526887,
        -0.5053901519770723
      ],
      [
        0.008223363803526887,
        0.9995069297619744,
        0.030303030303030276
      ],
      [
        0.5053901519770723,
        -0.030303030303030276,
        0.8623586960418764
      ]
    ],
    "shape": [
      3,
      3
    ]
  },
  "ori_049": {
    "index": 49,
    "rotation_matrix": [
      [
        -0.9730942170123102,
        0.09493229623964876,
        -0.20994166796485797
      ],
      [
        0.09493229623964876,
        0.9954324832582102,
        0.010101010101010057
      ],
      [
        0.20994166796485797,
        -0.010101010101010057,
        -0.9776617337541
      ]
    ],
    "shape": [
      3,
      3
    ]
  },
  "ori_050": {
    "index": 50,
    "rotation_matrix": [
      [
        0.5791483903614707,
        0.0052146686273273355,
        0.8152054643909257
      ],
      [
        0.0052146686273273355,
        0.9999353863255598,
        -0.010101010101010166
      ],
      [
        -0.8152054643909257,
        0.010101010101010166,
        0.5790837766870305
      ]
    ],
    "shape": [
      3,
      3
    ]
  },
  "ori_051": {
    "index": 51,
    "rotation_matrix": [
      [
        0.12443178817144906,
        -0.026749913257370965,
        -0.9918675174806254
      ],
      [
        -0.026749913257370965,
        0.9991827502990516,
        -0.030303030303030276
      ],
      [
        0.9918675174806254,
        0.030303030303030276,
        0.12361453847050052
      ]
    ],
    "shape": [
      3,
      3
    ]
  },
  "ori_052": {
    "index": 52,
    "rotation_matrix": [
      [
        -0.7498728532841696,
        0.13652347085833536,
        0.6473422941630271
      ],
      [
        0.13652347085833536,
        0.9893485643484179,
        -0.05050505050505061
      ],
      [
        -0.6473422941630271,
        0.05050505050505061,
        -0.7605242889357517
      ]
    ],
    "shape": [
      3,
      3
    ]
  },
  "ori_053": {
    "index": 53,
    "rotation_matrix": [
      [
        0.9993382182429325,
        0.0012872094042779272,
        0.03635201027440917
      ],
      [
        0.0012872094042779272,
        0.997496292345979,
        -0.07070707070707073
      ],
      [
        -0.03635201027440917,
        0.07070707070707073,
        0.9968345105889115
      ]
    ],
    "shape": [
      3,
      3
    ]
  },
  "ori_054": {
    "index": 54,
    "rotation_matrix": [
      [
        -0.6808819162433359,
        -0.21860640088765698,
        -0.699007194257504
      ],
      [
        -0.21860640088765698,
        0.9715692351454052,
        -0.09090909090909084
      ],
      [
        0.699007194257504,
        0.09090909090909084,
        -0.7093126810979307
      ]
    ],
    "shape": [
      3,
      3
    ]
  },
  "ori_055": {
    "index": 55,
    "rotation_matrix": [
      [
        0.06249719979813073,
        0.10495292271080503,
        0.9925114528466925
      ],
      [
        0.10495292271080503,
        0.988250578042894,
        -0.11111111111111116
      ],
      [
        -0.9925114528466925,
        0.11111111111111116,
        0.05074777784102469
      ]
    ],
    "shape": [
      3,
      3
    ]
  },
  "ori_056": {
    "index": 56,
    "rotation_matrix": [
      [
        0.6420098908589225,
        -0.061511743369708306,
        -0.7642248396034598
      ],
      [
        -0.061511743369708306,
        0.9894307287386821,
        -0.13131313131313127
      ],
      [
        0.7642248396034598,
        0.13131313131313127,
        0.6314406195976046
      ]
    ],
    "shape": [
      3,
      3
    ]
  },
  "ori_057": {
    "index": 57,
    "rotation_matrix": [
      [
        0.11279612272646955,
        0.9841857666515916,
        0.1365848140105406
      ],
      [
        0.9841857666515916,
        -0.09176892492428701,
        -0.15151515151515163
      ],
      [
        -0.1365848140105406,
        0.15151515151515163,
        -0.9789728021978172
      ]
    ],
    "shape": [
      3,
      3
    ]
  },
  "ori_058": {
    "index": 58,
    "rotation_matrix": [
      [
        0.827679123544735,
        0.05296334563769463,
        0.5586968341301761
      ],
      [
        0.05296334563769463,
        0.983721554585604,
        -0.1717171717171717
      ],
      [
        -0.5586968341301761,
        0.1717171717171717,
        0.811400678130339
      ]
    ],
    "shape": [
      3,
      3
    ]
  },
  "ori_059": {
    "index": 59,
    "rotation_matrix": [
      [
        -0.17284368198791156,
        -0.23534802944145414,
        -0.9564185101904323
      ],
      [
        -0.23534802944145414,
        0.9527740177036257,
        -0.19191919191919182
      ],
      [
        0.9564185101904323,
        0.19191919191919182,
        -0.22006966428428587
      ]
    ],
    "shape": [
      3,
      3
    ]
  },
  "ori_060": {
    "index": 60,
    "rotation_matrix": [
      [
        -0.3949070569557318,
        0.3479977608493012,
        0.8502622976531624
      ],
      [
        0.3479977608493012,
        0.9131824296448658,
        -0.21212121212121215
      ],
      [
        -0.8502622976531624,
        0.21212121212121215,
        -0.48172462731086596
      ]
    ],
    "shape": [
      3,
      3
    ]
  },
  "ori_061": {
    "index": 61,
    "rotation_matrix": [
      [
        0.9532086369415896,
        -0.036219349512784584,
        -0.3001357245994345
      ],
      [
        -0.036219349512784584,
        0.9719640293980824,
        -0.23232323232323226
      ],
      [
        0.3001357245994345,
        0.23232323232323226,
        0.925172666339672
      ]
    ],
    "shape": [
      3,
      3
    ]
  },
  "ori_062": {
    "index": 62,
    "rotation_matrix": [
      [
        -0.3474244863032483,
        -0.8473855835480258,
        -0.40153941165456736
      ],
      [
        -0.8473855835480258,
        0.4670852916031817,
        -0.2525252525252526
      ],
      [
        0.40153941165456736,
        0.2525252525252526,
        -0.8803391947000667
      ]
    ],
    "shape": [
      3,
      3
    ]
  },
  "ori_063": {
    "index": 63,
    "rotation_matrix": [
      [
        0.42981624222842296,
        0.17557636541337202,
        0.8856810587479377
      ],
      [
        0.17557636541337202,
        0.9459348680638503,
        -0.27272727272727276
      ],
      [
        -0.8856810587479377,
        0.27272727272727276,
        0.37575111029227326
      ]
    ],
    "shape": [
      3,
      3
    ]
  },
  "ori_064": {
    "index": 64,
    "rotation_matrix": [
      [
        0.38425742032120125,
        -0.20012666219215172,
        -0.9012744054991931
      ],
      [
        -0.20012666219215172,
        0.9349554793805814,
        -0.29292929292929304
      ],
      [
        0.9012744054991931,
        0.29292929292929304,
        0.3192128997017827
      ]
    ],
    "shape": [
      3,
      3
    ]
  },
  "ori_065": {
    "index": 65,
    "rotation_matrix": [
      [
        -0.2313503866419795,
        0.8646521988479993,
        0.44593000978620656
      ],
      [
        0.8646521988479993,
        0.3928426603157801,
        -0.3131313131313132
      ],
      [
        -0.44593000978620656,
        0.3131313131313132,
        -0.8385077263261995
      ]
    ],
    "shape": [
      3,
      3
    ]
  },
  "ori_066": {
    "index": 66,
    "rotation_matrix": [
      [
        0.9709168327830892,
        0.04110185868698454,
        0.23586254690164377
      ],
      [
        0.04110185868698454,
        0.9419126955834941,
        -0.33333333333333326
      ],
      [
        -0.23586254690164377,
        0.33333333333333326,
        0.9128295283665833
      ]
    ],
    "shape": [
      3,
      3
    ]
  },
  "ori_067": {
    "index": 67,
    "rotation_matrix": [
      [
        -0.2548008527687591,
        -0.565598813602887,
        -0.7843306110813986
      ],
      [
        -0.565598813602887,
        0.7450575386180851,
        -0.3535353535353536
      ],
      [
        0.7843306110813986,
        0.3535353535353536,
        -0.509743314150674
      ]
    ],
    "shape": [
      3,
      3
    ]
  },
  "ori_068": {
    "index": 68,
    "rotation_matrix": [
      [
        0.012200148189482785,
        0.40352206027324883,
        0.9148885742302105
      ],
      [
        0.40352206027324883,
        0.835158860543743,
        -0.37373737373737376
      ],
      [
        -0.9148885742302105,
        0.37373737373737376,
        -0.1526409912667741
      ]
    ],
    "shape": [
      3,
      3
    ]
  },
  "ori_069": {
    "index": 69,
    "rotation_matrix": [
      [
        0.813956161954585,
        -0.1294125605427379,
        -0.5663283107791219
      ],
      [
        -0.1294125605427379,
        0.90998029818037,
        -0.39393939393939403
      ],
      [
        0.5663283107791219,
        0.39393939393939403,
        0.7239364601349549
      ]
    ],
    "shape": [
      3,
      3
    ]
  },
  "ori_070": {
    "index": 70,
    "rotation_matrix": [
      [
        0.9459458823042056,
        -0.3165189607737213,
        -0.07072577480976396
      ],
      [
        -0.3165189607737213,
        -0.853406489642347,
        -0.41414141414141414
      ],
      [
        0.07072577480976396,
        0.41414141414141414,
        -0.9074606073381413
      ]
    ],
    "shape": [
      3,
      3
    ]
  },
  "ori_071": {
    "index": 71,
    "rotation_matrix": [
      [
        0.7317183861244652,
        0.17703383462477154,
        0.6582151812328982
      ],
      [
        0.17703383462477154,
        0.8831788054753125,
        -0.43434343434343425
      ],
      [
        -0.6582151812328982,
        0.43434343434343425,
        0.6148971915997776
      ]
    ],
    "shape": [
      3,
      3
    ]
  },
  "ori_072": {
    "index": 72,
    "rotation_matrix": [
      [
        0.19973253564821547,
        -0.40840421836505353,
        -0.8906811486863098
      ],
      [
        -0.40840421836505353,
        0.7915771751217286,
        -0.45454545454545464
      ],
      [
        0.8906811486863098,
        0.45454545454545464,
        -0.008690289230055992
      ]
    ],
    "shape": [
      3,
      3
    ]
  },
  "ori_073": {
    "index": 73,
    "rotation_matrix": [
      [
        -0.0408980951868827,
        0.7547433713521016,
        0.6547440638983668
      ],
      [
        0.7547433713521016,
        0.4527441646459508,
        -0.4747474747474747
      ],
      [
        -0.6547440638983668,
        0.4747474747474747,
        -0.588153930540932
      ]
    ],
    "shape": [
      3,
      3
    ]
  },
  "ori_074": {
    "index": 74,
    "rotation_matrix": [
      [
        0.9961794299643342,
        -0.02240306314711685,
        -0.0844076185990376
      ],
      [
        -0.02240306314711685,
        0.8686328915087582,
        -0.49494949494949503
      ],
      [
        0.0844076185990376,
        0.49494949494949503,
        0.8648123214730924
      ]
    ],
    "shape": [
      3,
      3
    ]
  },
  "ori_075": {
    "index": 75,
    "rotation_matrix": [
      [
        0.15789887507565536,
        -0.8426248606647635,
        -0.5148313213466434
      ],
      [
        -0.8426248606647635,
        0.15685107786300523,
        -0.5151515151515151
      ],
      [
        0.5148313213466434,
        0.5151515151515151,
        -0.6852500470613392
      ]
    ],
    "shape": [
      3,
      3
    ]
  },
  "ori_076": {
    "index": 76,
    "rotation_matrix": [
      [
        0.4033193708260914,
        0.3847494986304473,
        0.8302417168632671
      ],
      [
        0.3847494986304473,
        0.7519071854212397,
        -0.5353535353535352
      ],
      [
        -0.8302417168632671,
        0.5353535353535352,
        0.15522655624733095
      ]
    ],
    "shape": [
      3,
      3
    ]
  },
  "ori_077": {
    "index": 77,
    "rotation_matrix": [
      [
        0.6538345260474003,
        -0.2724436959753936,
        -0.7058858583876282
      ],
      [
        -0.2724436959753936,
        0.7855777855913604,
        -0.5555555555555556
      ],
      [
        0.7058858583876282,
        0.5555555555555556,
        0.4394123116387606
      ]
    ],
    "shape": [
      3,
      3
    ]
  },
  "ori_078": {
    "index": 78,
    "rotation_matrix": [
      [
        0.7723576941036843,
        0.5958901208383308,
        0.21995125879639565
      ],
      [
        0.5958901208383308,
        -0.5598376352524355,
        -0.5757575757575757
      ],
      [
        -0.21995125879639565,
        0.5757575757575757,
        -0.787479941148751
      ]
    ],
    "shape": [
      3,
      3
    ]
  },
  "ori_079": {
    "index": 79,
    "rotation_matrix": [
      [
        0.923159795024243,
        0.12610309252757096,
        0.363144603299816
      ],
      [
        0.12610309252757096,
        0.793051177439803,
        -0.595959595959596
      ],
      [
        -0.363144603299816,
        0.595959595959596,
        0.716210972464046
      ]
    ],
    "shape": [
      3,
      3
    ]
  },
  "ori_080": {
    "index": 80,
    "rotation_matrix": [
      [
        0.2480044588812118,
        -0.6285648002789846,
        -0.737156754174631
      ],
      [
        -0.6285648002789846,
        0.47460631540187626,
        -0.6161616161616161
      ],
      [
        0.737156754174631,
        0.6161616161616161,
        -0.27738922571691194
      ]
    ],
    "shape": [
      3,
      3
    ]
  },
  "ori_081": {
    "index": 81,
    "rotation_matrix": [
      [
        0.2808918345769955,
        0.6392440784432697,
        0.7158678547352052
      ],
      [
        0.6392440784432697,
        0.4317503103522501,
        -0.6363636363636366
      ],
      [
        -0.7158678547352052,
        0.6363636363636366,
        -0.2873578550707545
      ]
    ],
    "shape": [
      3,
      3
    ]
  },
  "ori_082": {
    "index": 82,
    "rotation_matrix": [
      [
        0.9366075258972212,
        -0.1275382218925691,
        -0.3263439050896584
      ],
      [
        -0.1275382218925691,
        0.7434080579163707,
        -0.6565656565656566
      ],
      [
        0.3263439050896584,
        0.6565656565656566,
        0.680015583813592
      ]
    ],
    "shape": [
      3,
      3
    ]
  },
  "ori_083": {
    "index": 83,
    "rotation_matrix": [
      [
        0.845755953156108,
        -0.4890075060511768,
        -0.2134678587671022
      ],
      [
        -0.4890075060511768,
        -0.5503246048543438,
        -0.6767676767676767
      ],
      [
        0.2134678587671022,
        0.6767676767676767,
        -0.7045686516982357
      ]
    ],
    "shape": [
      3,
      3
    ]
  },
  "ori_084": {
    "index": 84,
    "rotation_matrix": [
      [
        0.7213136715702348,
        0.3148550261076585,
        0.6169059083366062
      ],
      [
        0.3148550261076585,
        0.6442822006238527,
        -0.6969696969696971
      ],
      [
        -0.6169059083366062,
        0.6969696969696971,
        0.3655958721940875
      ]
    ],
    "shape": [
      3,
      3
    ]
  },
  "ori_085": {
    "index": 85,
    "rotation_matrix": [
      [
        0.5929807210903162,
        -0.4279662610501808,
        -0.6820694567402481
      ],
      [
        -0.4279662610501808,
        0.5500087340140145,
        -0.7171717171717171
      ],
      [
        0.6820694567402481,
        0.7171717171717171,
        0.1429894551043307
      ]
    ],
    "shape": [
      3,
      3
    ]
  },
  "ori_086": {
    "index": 86,
    "rotation_matrix": [
      [
        0.6562069796064081,
        0.6436330213651922,
        0.39386410565593444
      ],
      [
        0.6436330213651922,
        -0.20497928002556876,
        -0.7373737373737375
      ],
      [
        -0.39386410565593444,
        0.7373737373737375,
        -0.5487723004191607
      ]
    ],
    "shape": [
      3,
      3
    ]
  },
  "ori_087": {
    "index": 87,
    "rotation_matrix": [
      [
        0.996349555207651,
        0.035653669601193254,
        0.07756532525223453
      ],
      [
        0.035653669601193254,
        0.6517728034963457,
        -0.7575757575757576
      ],
      [
        -0.07756532525223453,
        0.7575757575757576,
        0.6481223587039967
      ]
    ],
    "shape": [
      3,
      3
    ]
  },
  "ori_088": {
    "index": 88,
    "rotation_matrix": [
      [
        0.615120162011574,
        -0.6280479233378053,
        -0.47663717047448706
      ],
      [
        -0.6280479233378053,
        -0.02485023915643869,
        -0.7777777777777777
      ],
      [
        0.47663717047448706,
        0.7777777777777777,
        -0.40973007714486465
      ]
    ],
    "shape": [
      3,
      3
    ]
  },
  "ori_089": {
    "index": 89,
    "rotation_matrix": [
      [
        0.6300961600145516,
        0.490012808429258,
        0.602383828393648
      ],
      [
        0.490012808429258,
        0.3508784541566953,
        -0.7979797979797981
      ],
      [
        -0.602383828393648,
        0.7979797979797981,
        -0.01902538582875324
      ]
    ],
    "shape": [
      3,
      3
    ]
  },
  "ori_090": {
    "index": 90,
    "rotation_matrix": [
      [
        0.8791922091024837,
        -0.2402093940734272,
        -0.4114857305574174
      ],
      [
        -0.2402093940734272,
        0.522377219445461,
        -0.8181818181818181
      ],
      [
        0.4114857305574174,
        0.8181818181818181,
        0.40156942854794475
      ]
    ],
    "shape": [
      3,
      3
    ]
  },
  "ori_091": {
    "index": 91,
    "rotation_matrix": [
      [
        0.997960405550543,
        0.05608419315686715,
        0.030489215000371852
      ],
      [
        0.05608419315686715,
        -0.5421873318464061,
        -0.8383838383838385
      ],
      [
        -0.030489215000371852,
        0.8383838383838385,
        -0.5442269262958632
      ]
    ],
    "shape": [
      3,
      3
    ]
  },
